TS  2    2    2    1    0    0    0    0    0    0    1    0    0   0.000   1.00
T   8T   0 360.00000         0         0 T F F         0.000
 
    1    1    0    0    1    0     0.000     0.000     0.000     0.000     0.079
   0.000   0.000   0.000   0   0   0.000   0.000   0.000   0.000   0.000   0.000
     0.109     0.079   180.000     0.000     0.000     0.000    0          0.000
    1    2  259    0
    43.260    77.610     0.000     0.000    16.000     0.000     0.000     0.000
     0.380     2.510     0.010     0.010RM        MR A   
    0

