TS  2    2    2    1    2    2    2    2    2    2    1    0    0 293.8451.00   
    1    1    1    0    0    0  23.00000   0.00000   0.00000   0.00000   0.07900
 -99.000 -99.000 -99.000 -99
 -99.00000 -99.00000 -99.00000  2.813238  0.000710 ! H2O & O3 COLUMNS [GM/CM2]
   36MIDLATITUDE SUMMER  
   0.10900   0.07900 180.00000   0.03000   0.00000   0.00000    0
    1    2  259    0
  43.26000  77.61000   2.85000  61.22125  16.00000   0.00000   0.00000   0.00000
      3975     26670         1         1
    0   0    0.000  0    0.000  0    1.000
 -9999.
